#best-fit parameters found in spt + Planck chains
param[omegabh2] = 0.0223324
param[omegach2] = 0.120366
param[theta] = 1.04091
param[tau] = 0.0613589
param[logA] = 3.05837
param[ns] = 0.963386
